1 0 0 0 -0.000000 1.539380 -0.085022 7.000000 0 0 0
2 0 0 0 -0.000000 1.539380 -0.085022 7.000000 0 0 0
3 1 0 0 9.999886 0.509546 0.914765 7.000000 1 0 0
4 0 0 0 -0.000000 1.539380 -0.085022 7.000000 0 0 0
5 0 0 0 -0.000000 1.539380 -0.085022 7.000000 0 0 0
6 0 0 0 -0.000000 1.539380 -0.085022 7.000000 0 0 0
7 0 0 1 2.260605 12.427063 161.419209 7.000000 0 1 1
8 1 0 0 9.999886 0.509546 0.914765 7.000000 1 0 0
9 1 0 0 9.999886 0.509546 0.914765 7.000000 1 0 0
10 0 0 0 -0.000000 1.539380 -0.085022 7.000000 0 0 0
11 1 0 0 9.999886 0.509546 0.914765 7.000000 1 0 0
12 0 0 1 2.260605 12.427063 161.419209 7.000000 0 1 1
13 0 0 0 -0.000000 1.539380 -0.085022 7.000000 0 0 0
14 0 0 1 2.260605 12.427063 161.419209 7.000000 0 1 1
15 0 0 0 -0.000000 1.539380 -0.085022 7.000000 0 0 0
16 0 0 1 2.260605 12.427063 161.419209 7.000000 0 1 1
17 0 0 1 2.260605 12.427063 161.419209 7.000000 0 1 1
18 0 0 0 -0.000000 1.539380 -0.085022 7.000000 0 0 0
19 0 0 0 -0.000000 1.539380 -0.085022 7.000000 0 0 0
20 1 0 0 9.999886 0.509546 0.914765 7.000000 1 0 0
21 0 0 0 -0.000000 1.539380 -0.085022 7.000000 0 0 0
22 1 0 0 9.999886 0.509546 0.914765 7.000000 1 0 0
23 0 0 0 -0.000000 1.539380 -0.085022 7.000000 0 0 0
24 0 0 0 -0.000000 1.539380 -0.085022 7.000000 0 0 0
25 1 0 0 9.999886 0.509546 0.914765 7.000000 1 0 0
26 1 0 0 9.999886 0.509546 0.914765 7.000000 1 0 0
27 1 0 0 9.999886 0.509546 0.914765 7.000000 1 0 0
28 1 0 0 9.999886 0.509546 0.914765 7.000000 1 0 0
29 0 0 0 -0.000000 1.539380 -0.085022 7.000000 0 0 0
30 0 0 1 2.260605 12.427063 161.419209 7.000000 0 1 1
31 1 0 0 9.999886 0.509546 0.914765 7.000000 1 0 0
32 0 0 1 2.260605 12.427063 161.419209 7.000000 0 1 1
33 1 0 0 9.999886 0.509546 0.914765 7.000000 1 0 0
34 0 0 0 -0.000000 1.539380 -0.085022 7.000000 0 0 0
35 1 0 0 9.999886 0.509546 0.914765 7.000000 1 0 0
36 1 0 0 9.999886 0.509546 0.914765 7.000000 1 0 0
37 0 0 1 2.260605 12.427063 161.419209 7.000000 0 1 1
38 0 0 0 -0.000000 1.539380 -0.085022 7.000000 0 0 0
39 0 0 0 -0.000000 1.539380 -0.085022 7.000000 0 0 0
40 0 0 1 2.260605 12.427063 161.419209 7.000000 0 1 1
41 0 0 0 -0.000000 1.539380 -0.085022 7.000000 0 0 0
42 0 0 0 -0.000000 1.539380 -0.085022 7.000000 0 0 0
43 1 0 0 9.999886 0.509546 0.914765 7.000000 1 0 0
44 0 0 1 2.260605 12.427063 161.419209 7.000000 0 1 1
45 0 0 0 -0.000000 1.539380 -0.085022 7.000000 0 0 0
46 0 0 0 -0.000000 1.539380 -0.085022 7.000000 0 0 0
47 0 0 0 -0.000000 1.539380 -0.085022 7.000000 0 0 0
48 1 0 0 9.999886 0.509546 0.914765 7.000000 1 0 0
49 1 0 0 9.999886 0.509546 0.914765 7.000000 1 0 0
50 0 0 1 2.260605 12.427063 161.419209 7.000000 0 1 1
51 1 0 0 9.999886 0.509546 0.914765 7.000000 1 0 0
52 0 0 0 -0.000000 1.539380 -0.085022 7.000000 0 0 0
53 0 0 0 -0.000000 1.539380 -0.085022 7.000000 0 0 0
54 0 0 0 -0.000000 1.539380 -0.085022 7.000000 0 0 0
55 0 0 0 -0.000000 1.539380 -0.085022 7.000000 0 0 0
56 1 0 0 9.999886 0.509546 0.914765 7.000000 1 0 0
57 0 0 1 2.260605 12.427063 161.419209 7.000000 0 1 1
58 0 0 1 2.260605 12.427063 161.419209 7.000000 0 1 1
59 1 0 0 9.999886 0.509546 0.914765 7.000000 1 0 0
60 0 0 1 2.260605 12.427063 161.419209 7.000000 0 1 1
61 0 0 1 2.260605 12.427063 161.419209 7.000000 0 1 1
62 0 0 0 -0.000000 1.539380 -0.085022 7.000000 0 0 0
63 0 0 1 2.260605 12.427063 161.419209 7.000000 0 1 1
64 0 0 0 -0.000000 1.539380 -0.085022 7.000000 0 0 0
65 0 0 0 -0.000000 1.539380 -0.085022 7.000000 0 0 0
66 0 0 1 2.260605 12.427063 161.419209 7.000000 0 1 1
67 0 0 1 2.260605 12.427063 161.419209 7.000000 0 1 1
68 0 0 0 -0.000000 1.539380 -0.085022 7.000000 0 0 0
69 0 0 0 -0.000000 1.539380 -0.085022 7.000000 0 0 0
70 0 0 1 2.260605 12.427063 161.419209 7.000000 0 1 1
71 0 0 1 2.260605 12.427063 161.419209 7.000000 0 1 1
72 0 0 0 -0.000000 1.539380 -0.085022 7.000000 0 0 0
73 0 0 0 -0.000000 1.539380 -0.085022 7.000000 0 0 0
74 0 0 0 -0.000000 1.539380 -0.085022 7.000000 0 0 0
75 0 0 0 -0.000000 1.539380 -0.085022 7.000000 0 0 0
76 0 0 0 -0.000000 1.539380 -0.085022 7.000000 0 0 0
77 0 0 0 -0.000000 1.539380 -0.085022 7.000000 0 0 0
78 0 0 1 2.260605 12.427063 161.419209 7.000000 0 1 1
79 0 0 0 -0.000000 1.539380 -0.085022 7.000000 0 0 0
80 0 0 0 -0.000000 1.539380 -0.085022 7.000000 0 0 0
81 1 0 0 9.999886 0.509546 0.914765 7.000000 1 0 0
82 1 0 0 9.999886 0.509546 0.914765 7.000000 1 0 0
83 0 0 0 -0.000000 1.539380 -0.085022 7.000000 0 0 0
84 0 0 0 -0.000000 1.539380 -0.085022 7.000000 0 0 0
85 1 0 0 9.999886 0.509546 0.914765 7.000000 1 0 0
86 0 0 0 -0.000000 1.539380 -0.085022 7.000000 0 0 0
87 1 0 0 9.999886 0.509546 0.914765 7.000000 1 0 0
88 1 0 0 9.999886 0.509546 0.914765 7.000000 1 0 0
89 0 0 1 2.260605 12.427063 161.419209 7.000000 0 1 1
90 0 0 0 -0.000000 1.539380 -0.085022 7.000000 0 0 0
91 0 0 0 -0.000000 1.539380 -0.085022 7.000000 0 0 0
92 1 0 0 9.999886 0.509546 0.914765 7.000000 1 0 0
93 0 0 1 2.260605 12.427063 161.419209 7.000000 0 1 1
94 0 0 0 -0.000000 1.539380 -0.085022 7.000000 0 0 0
95 0 0 1 2.260605 12.427063 161.419209 7.000000 0 1 1
96 0 0 0 -0.000000 1.539380 -0.085022 7.000000 0 0 0
97 0 0 1 2.260605 12.427063 161.419209 7.000000 0 1 1
98 1 0 0 9.999886 0.509546 0.914765 7.000000 1 0 0
99 1 0 0 9.999886 0.509546 0.914765 7.000000 1 0 0
100 0 0 0 -0.000000 1.539380 -0.085022 7.000000 0 0 0
