1 1 0 0 9.999886 0.509546 0.914765 2.000000 1 0 0
2 0 0 1 2.260605 12.427063 161.419209 2.000000 1 1 1
3 1 0 0 9.999886 0.509546 0.914765 2.000000 1 0 0
4 0 0 1 2.260605 12.427063 161.419209 2.000000 1 1 1
5 0 0 0 -0.000000 1.539380 -0.085022 2.000000 0 0 0
6 0 0 1 2.260605 12.427063 161.419209 2.000000 1 1 1
7 1 0 0 9.999886 0.509546 0.914765 2.000000 1 0 0
8 0 0 0 -0.000000 1.539380 -0.085022 2.000000 0 0 0
9 0 0 0 -0.000000 1.539380 -0.085022 2.000000 0 0 0
10 1 0 0 9.999886 0.509546 0.914765 2.000000 1 0 0
11 0 0 0 -0.000000 1.539380 -0.085022 2.000000 0 0 0
12 0 0 1 2.260605 12.427063 161.419209 2.000000 1 1 1
13 1 0 0 9.999886 0.509546 0.914765 2.000000 1 0 0
14 1 0 0 9.999886 0.509546 0.914765 2.000000 1 0 0
15 0 0 1 2.260605 12.427063 161.419209 2.000000 1 1 1
16 0 0 0 -0.000000 1.539380 -0.085022 2.000000 0 0 0
17 0 0 0 -0.000000 1.539380 -0.085022 2.000000 0 0 0
18 0 0 1 2.260605 12.427063 161.419209 2.000000 1 1 1
19 0 0 1 2.260605 12.427063 161.419209 2.000000 1 1 1
20 1 0 0 9.999886 0.509546 0.914765 2.000000 1 0 0
21 0 0 1 2.260605 12.427063 161.419209 2.000000 1 1 1
22 0 0 1 2.260605 12.427063 161.419209 2.000000 1 1 1
23 0 0 1 2.260605 12.427063 161.419209 2.000000 1 1 1
24 0 0 0 -0.000000 1.539380 -0.085022 2.000000 0 0 0
25 1 0 0 9.999886 0.509546 0.914765 2.000000 1 0 0
26 0 0 1 2.260605 12.427063 161.419209 2.000000 1 1 1
27 0 0 0 -0.000000 1.539380 -0.085022 2.000000 0 0 0
28 0 0 1 2.260605 12.427063 161.419209 2.000000 1 1 1
29 0 0 1 2.260605 12.427063 161.419209 2.000000 1 1 1
30 0 0 0 -0.000000 1.539380 -0.085022 2.000000 0 0 0
31 1 0 0 9.999886 0.509546 0.914765 2.000000 1 0 0
32 0 0 0 -0.000000 1.539380 -0.085022 2.000000 0 0 0
33 0 0 0 -0.000000 1.539380 -0.085022 2.000000 0 0 0
34 0 0 0 -0.000000 1.539380 -0.085022 2.000000 0 0 0
35 0 0 0 -0.000000 1.539380 -0.085022 2.000000 0 0 0
36 0 0 0 -0.000000 1.539380 -0.085022 2.000000 0 0 0
37 0 0 1 2.260605 12.427063 161.419209 2.000000 1 1 1
38 0 0 0 -0.000000 1.539380 -0.085022 2.000000 0 0 0
39 0 0 0 -0.000000 1.539380 -0.085022 2.000000 0 0 0
40 0 0 0 -0.000000 1.539380 -0.085022 2.000000 0 0 0
41 1 0 0 9.999886 0.509546 0.914765 2.000000 1 0 0
42 0 0 0 -0.000000 1.539380 -0.085022 2.000000 0 0 0
43 1 0 0 9.999886 0.509546 0.914765 2.000000 1 0 0
44 0 0 1 2.260605 12.427063 161.419209 2.000000 1 1 1
45 1 0 0 9.999886 0.509546 0.914765 2.000000 1 0 0
46 0 0 0 -0.000000 1.539380 -0.085022 2.000000 0 0 0
47 1 0 0 9.999886 0.509546 0.914765 2.000000 1 0 0
48 1 0 0 9.999886 0.509546 0.914765 2.000000 1 0 0
49 0 0 0 -0.000000 1.539380 -0.085022 2.000000 0 0 0
50 0 0 0 -0.000000 1.539380 -0.085022 2.000000 0 0 0
51 0 0 0 -0.000000 1.539380 -0.085022 2.000000 0 0 0
52 0 0 1 2.260605 12.427063 161.419209 2.000000 1 1 1
53 0 0 0 -0.000000 1.539380 -0.085022 2.000000 0 0 0
54 0 0 1 2.260605 12.427063 161.419209 2.000000 1 1 1
55 0 0 1 2.260605 12.427063 161.419209 2.000000 1 1 1
56 0 0 1 2.260605 12.427063 161.419209 2.000000 1 1 1
57 0 0 0 -0.000000 1.539380 -0.085022 2.000000 0 0 0
58 0 0 0 -0.000000 1.539380 -0.085022 2.000000 0 0 0
59 0 0 1 2.260605 12.427063 161.419209 2.000000 1 1 1
60 0 0 0 -0.000000 1.539380 -0.085022 2.000000 0 0 0
61 0 0 0 -0.000000 1.539380 -0.085022 2.000000 0 0 0
62 0 0 0 -0.000000 1.539380 -0.085022 2.000000 0 0 0
63 0 0 0 -0.000000 1.539380 -0.085022 2.000000 0 0 0
64 0 0 1 2.260605 12.427063 161.419209 2.000000 1 1 1
65 1 0 0 9.999886 0.509546 0.914765 2.000000 1 0 0
66 0 0 1 2.260605 12.427063 161.419209 2.000000 1 1 1
67 1 0 0 9.999886 0.509546 0.914765 2.000000 1 0 0
68 0 0 0 -0.000000 1.539380 -0.085022 2.000000 0 0 0
69 0 0 0 -0.000000 1.539380 -0.085022 2.000000 0 0 0
70 0 0 0 -0.000000 1.539380 -0.085022 2.000000 0 0 0
71 1 0 0 9.999886 0.509546 0.914765 2.000000 1 0 0
72 1 0 0 9.999886 0.509546 0.914765 2.000000 1 0 0
73 0 0 0 -0.000000 1.539380 -0.085022 2.000000 0 0 0
74 0 0 0 -0.000000 1.539380 -0.085022 2.000000 0 0 0
75 0 0 0 -0.000000 1.539380 -0.085022 2.000000 0 0 0
76 0 0 1 2.260605 12.427063 161.419209 2.000000 1 1 1
77 0 0 1 2.260605 12.427063 161.419209 2.000000 1 1 1
78 0 0 0 -0.000000 1.539380 -0.085022 2.000000 0 0 0
79 0 0 0 -0.000000 1.539380 -0.085022 2.000000 0 0 0
80 0 0 0 -0.000000 1.539380 -0.085022 2.000000 0 0 0
81 1 0 0 9.999886 0.509546 0.914765 2.000000 1 0 0
82 0 0 0 -0.000000 1.539380 -0.085022 2.000000 0 0 0
83 1 0 0 9.999886 0.509546 0.914765 2.000000 1 0 0
84 0 0 0 -0.000000 1.539380 -0.085022 2.000000 0 0 0
85 1 0 0 9.999886 0.509546 0.914765 2.000000 1 0 0
86 0 0 1 2.260605 12.427063 161.419209 2.000000 1 1 1
87 0 0 1 2.260605 12.427063 161.419209 2.000000 1 1 1
88 0 0 1 2.260605 12.427063 161.419209 2.000000 1 1 1
89 0 0 1 2.260605 12.427063 161.419209 2.000000 1 1 1
90 0 0 0 -0.000000 1.539380 -0.085022 2.000000 0 0 0
91 1 0 0 9.999886 0.509546 0.914765 2.000000 1 0 0
92 0 0 0 -0.000000 1.539380 -0.085022 2.000000 0 0 0
93 0 0 0 -0.000000 1.539380 -0.085022 2.000000 0 0 0
94 0 0 0 -0.000000 1.539380 -0.085022 2.000000 0 0 0
95 1 0 0 9.999886 0.509546 0.914765 2.000000 1 0 0
96 0 0 0 -0.000000 1.539380 -0.085022 2.000000 0 0 0
97 0 0 1 2.260605 12.427063 161.419209 2.000000 1 1 1
98 0 0 1 2.260605 12.427063 161.419209 2.000000 1 1 1
99 0 0 1 2.260605 12.427063 161.419209 2.000000 1 1 1
100 1 0 0 9.999886 0.509546 0.914765 2.000000 1 0 0
