1 0 0 1 2.260605 12.427063 161.419209 1.000000 1 1 1
2 1 0 0 9.999886 0.509546 0.914765 1.000000 1 0 0
3 0 0 0 -0.000000 1.539380 -0.085022 1.000000 0 1 0
4 0 0 0 -0.000000 1.539380 -0.085022 1.000000 0 1 0
5 0 0 0 -0.000000 1.539380 -0.085022 1.000000 0 1 0
6 0 0 0 -0.000000 1.539380 -0.085022 1.000000 0 1 0
7 0 0 0 -0.000000 1.539380 -0.085022 1.000000 0 1 0
8 1 0 0 9.999886 0.509546 0.914765 1.000000 1 0 0
9 0 0 0 -0.000000 1.539380 -0.085022 1.000000 0 1 0
10 0 0 1 2.260605 12.427063 161.419209 1.000000 1 1 1
11 0 0 0 -0.000000 1.539380 -0.085022 1.000000 0 1 0
12 1 0 0 9.999886 0.509546 0.914765 1.000000 1 0 0
13 0 0 0 -0.000000 1.539380 -0.085022 1.000000 0 1 0
14 0 0 1 2.260605 12.427063 161.419209 1.000000 1 1 1
15 1 0 0 9.999886 0.509546 0.914765 1.000000 1 0 0
16 0 0 0 -0.000000 1.539380 -0.085022 1.000000 0 1 0
17 0 0 0 -0.000000 1.539380 -0.085022 1.000000 0 1 0
18 0 0 0 -0.000000 1.539380 -0.085022 1.000000 0 1 0
19 0 0 0 -0.000000 1.539380 -0.085022 1.000000 0 1 0
20 0 0 0 -0.000000 1.539380 -0.085022 1.000000 0 1 0
21 0 0 0 -0.000000 1.539380 -0.085022 1.000000 0 1 0
22 1 0 0 9.999886 0.509546 0.914765 1.000000 1 0 0
23 0 0 1 2.260605 12.427063 161.419209 1.000000 1 1 1
24 1 0 0 9.999886 0.509546 0.914765 1.000000 1 0 0
25 0 0 0 -0.000000 1.539380 -0.085022 1.000000 0 1 0
26 1 0 0 9.999886 0.509546 0.914765 1.000000 1 0 0
27 0 0 0 -0.000000 1.539380 -0.085022 1.000000 0 1 0
28 0 0 1 2.260605 12.427063 161.419209 1.000000 1 1 1
29 1 0 0 9.999886 0.509546 0.914765 1.000000 1 0 0
30 0 0 0 -0.000000 1.539380 -0.085022 1.000000 0 1 0
31 1 0 0 9.999886 0.509546 0.914765 1.000000 1 0 0
32 1 0 0 9.999886 0.509546 0.914765 1.000000 1 0 0
33 1 0 0 9.999886 0.509546 0.914765 1.000000 1 0 0
34 0 0 1 2.260605 12.427063 161.419209 1.000000 1 1 1
35 1 0 0 9.999886 0.509546 0.914765 1.000000 1 0 0
36 0 0 0 -0.000000 1.539380 -0.085022 1.000000 0 1 0
37 0 0 0 -0.000000 1.539380 -0.085022 1.000000 0 1 0
38 0 0 0 -0.000000 1.539380 -0.085022 1.000000 0 1 0
39 0 0 1 2.260605 12.427063 161.419209 1.000000 1 1 1
40 1 0 0 9.999886 0.509546 0.914765 1.000000 1 0 0
41 0 0 0 -0.000000 1.539380 -0.085022 1.000000 0 1 0
42 0 0 0 -0.000000 1.539380 -0.085022 1.000000 0 1 0
43 1 0 0 9.999886 0.509546 0.914765 1.000000 1 0 0
44 0 0 1 2.260605 12.427063 161.419209 1.000000 1 1 1
45 1 0 0 9.999886 0.509546 0.914765 1.000000 1 0 0
46 0 0 0 -0.000000 1.539380 -0.085022 1.000000 0 1 0
47 1 0 0 9.999886 0.509546 0.914765 1.000000 1 0 0
48 0 0 1 2.260605 12.427063 161.419209 1.000000 1 1 1
49 0 0 0 -0.000000 1.539380 -0.085022 1.000000 0 1 0
50 0 0 0 -0.000000 1.539380 -0.085022 1.000000 0 1 0
51 0 0 0 -0.000000 1.539380 -0.085022 1.000000 0 1 0
52 0 0 1 2.260605 12.427063 161.419209 1.000000 1 1 1
53 1 0 0 9.999886 0.509546 0.914765 1.000000 1 0 0
54 0 0 0 -0.000000 1.539380 -0.085022 1.000000 0 1 0
55 1 0 0 9.999886 0.509546 0.914765 1.000000 1 0 0
56 1 0 0 9.999886 0.509546 0.914765 1.000000 1 0 0
57 0 0 0 -0.000000 1.539380 -0.085022 1.000000 0 1 0
58 0 0 0 -0.000000 1.539380 -0.085022 1.000000 0 1 0
59 0 0 1 2.260605 12.427063 161.419209 1.000000 1 1 1
60 0 0 1 2.260605 12.427063 161.419209 1.000000 1 1 1
61 0 0 1 2.260605 12.427063 161.419209 1.000000 1 1 1
62 1 0 0 9.999886 0.509546 0.914765 1.000000 1 0 0
63 0 0 0 -0.000000 1.539380 -0.085022 1.000000 0 1 0
64 0 0 0 -0.000000 1.539380 -0.085022 1.000000 0 1 0
65 1 0 0 9.999886 0.509546 0.914765 1.000000 1 0 0
66 0 0 1 2.260605 12.427063 161.419209 1.000000 1 1 1
67 1 0 0 9.999886 0.509546 0.914765 1.000000 1 0 0
68 0 0 0 -0.000000 1.539380 -0.085022 1.000000 0 1 0
69 0 0 1 2.260605 12.427063 161.419209 1.000000 1 1 1
70 0 0 1 2.260605 12.427063 161.419209 1.000000 1 1 1
71 1 0 0 9.999886 0.509546 0.914765 1.000000 1 0 0
72 0 0 0 -0.000000 1.539380 -0.085022 1.000000 0 1 0
73 0 0 1 2.260605 12.427063 161.419209 1.000000 1 1 1
74 0 0 1 2.260605 12.427063 161.419209 1.000000 1 1 1
75 0 0 0 -0.000000 1.539380 -0.085022 1.000000 0 1 0
76 1 0 0 9.999886 0.509546 0.914765 1.000000 1 0 0
77 1 0 0 9.999886 0.509546 0.914765 1.000000 1 0 0
78 0 0 0 -0.000000 1.539380 -0.085022 1.000000 0 1 0
79 1 0 0 9.999886 0.509546 0.914765 1.000000 1 0 0
80 0 0 0 -0.000000 1.539380 -0.085022 1.000000 0 1 0
81 0 0 1 2.260605 12.427063 161.419209 1.000000 1 1 1
82 0 0 0 -0.000000 1.539380 -0.085022 1.000000 0 1 0
83 0 0 0 -0.000000 1.539380 -0.085022 1.000000 0 1 0
84 1 0 0 9.999886 0.509546 0.914765 1.000000 1 0 0
85 0 0 0 -0.000000 1.539380 -0.085022 1.000000 0 1 0
86 0 0 0 -0.000000 1.539380 -0.085022 1.000000 0 1 0
87 0 0 0 -0.000000 1.539380 -0.085022 1.000000 0 1 0
88 0 0 0 -0.000000 1.539380 -0.085022 1.000000 0 1 0
89 1 0 0 9.999886 0.509546 0.914765 1.000000 1 0 0
90 1 0 0 9.999886 0.509546 0.914765 1.000000 1 0 0
91 0 0 0 -0.000000 1.539380 -0.085022 1.000000 0 1 0
92 0 0 0 -0.000000 1.539380 -0.085022 1.000000 0 1 0
93 0 0 1 2.260605 12.427063 161.419209 1.000000 1 1 1
94 0 0 0 -0.000000 1.539380 -0.085022 1.000000 0 1 0
95 1 0 0 9.999886 0.509546 0.914765 1.000000 1 0 0
96 1 0 0 9.999886 0.509546 0.914765 1.000000 1 0 0
97 0 0 1 2.260605 12.427063 161.419209 1.000000 1 1 1
98 1 0 0 9.999886 0.509546 0.914765 1.000000 1 0 0
99 0 0 0 -0.000000 1.539380 -0.085022 1.000000 0 1 0
100 0 0 1 2.260605 12.427063 161.419209 1.000000 1 1 1
