1 0 0 0 -0.000000 1.539380 -0.085022 10.000000 0 0 0
2 1 0 0 9.999886 0.509546 0.914765 10.000000 0 0 0
3 0 0 0 -0.000000 1.539380 -0.085022 10.000000 0 0 0
4 0 0 0 -0.000000 1.539380 -0.085022 10.000000 0 0 0
5 0 0 0 -0.000000 1.539380 -0.085022 10.000000 0 0 0
6 1 0 0 9.999886 0.509546 0.914765 10.000000 0 0 0
7 0 0 1 2.260605 12.427063 161.419209 10.000000 0 1 1
8 0 0 1 2.260605 12.427063 161.419209 10.000000 0 1 1
9 1 0 0 9.999886 0.509546 0.914765 10.000000 0 0 0
10 0 0 0 -0.000000 1.539380 -0.085022 10.000000 0 0 0
11 1 0 0 9.999886 0.509546 0.914765 10.000000 0 0 0
12 0 0 0 -0.000000 1.539380 -0.085022 10.000000 0 0 0
13 1 0 0 9.999886 0.509546 0.914765 10.000000 0 0 0
14 0 0 1 2.260605 12.427063 161.419209 10.000000 0 1 1
15 1 0 0 9.999886 0.509546 0.914765 10.000000 0 0 0
16 0 0 0 -0.000000 1.539380 -0.085022 10.000000 0 0 0
17 0 0 0 -0.000000 1.539380 -0.085022 10.000000 0 0 0
18 0 0 1 2.260605 12.427063 161.419209 10.000000 0 1 1
19 1 0 0 9.999886 0.509546 0.914765 10.000000 0 0 0
20 1 0 0 9.999886 0.509546 0.914765 10.000000 0 0 0
21 1 0 0 9.999886 0.509546 0.914765 10.000000 0 0 0
22 0 0 1 2.260605 12.427063 161.419209 10.000000 0 1 1
23 0 0 1 2.260605 12.427063 161.419209 10.000000 0 1 1
24 1 0 0 9.999886 0.509546 0.914765 10.000000 0 0 0
25 0 0 0 -0.000000 1.539380 -0.085022 10.000000 0 0 0
26 1 0 0 9.999886 0.509546 0.914765 10.000000 0 0 0
27 0 0 0 -0.000000 1.539380 -0.085022 10.000000 0 0 0
28 0 0 0 -0.000000 1.539380 -0.085022 10.000000 0 0 0
29 0 0 1 2.260605 12.427063 161.419209 10.000000 0 1 1
30 0 0 0 -0.000000 1.539380 -0.085022 10.000000 0 0 0
31 0 0 0 -0.000000 1.539380 -0.085022 10.000000 0 0 0
32 0 0 1 2.260605 12.427063 161.419209 10.000000 0 1 1
33 0 0 0 -0.000000 1.539380 -0.085022 10.000000 0 0 0
34 0 0 0 -0.000000 1.539380 -0.085022 10.000000 0 0 0
35 0 0 0 -0.000000 1.539380 -0.085022 10.000000 0 0 0
36 0 0 0 -0.000000 1.539380 -0.085022 10.000000 0 0 0
37 0 0 0 -0.000000 1.539380 -0.085022 10.000000 0 0 0
38 0 0 1 2.260605 12.427063 161.419209 10.000000 0 1 1
39 0 0 0 -0.000000 1.539380 -0.085022 10.000000 0 0 0
40 0 0 0 -0.000000 1.539380 -0.085022 10.000000 0 0 0
41 0 0 0 -0.000000 1.539380 -0.085022 10.000000 0 0 0
42 0 0 0 -0.000000 1.539380 -0.085022 10.000000 0 0 0
43 1 0 0 9.999886 0.509546 0.914765 10.000000 0 0 0
44 0 0 0 -0.000000 1.539380 -0.085022 10.000000 0 0 0
45 0 0 1 2.260605 12.427063 161.419209 10.000000 0 1 1
46 0 0 1 2.260605 12.427063 161.419209 10.000000 0 1 1
47 1 0 0 9.999886 0.509546 0.914765 10.000000 0 0 0
48 1 0 0 9.999886 0.509546 0.914765 10.000000 0 0 0
49 0 0 0 -0.000000 1.539380 -0.085022 10.000000 0 0 0
50 0 0 0 -0.000000 1.539380 -0.085022 10.000000 0 0 0
51 0 0 1 2.260605 12.427063 161.419209 10.000000 0 1 1
52 0 0 0 -0.000000 1.539380 -0.085022 10.000000 0 0 0
53 1 0 0 9.999886 0.509546 0.914765 10.000000 0 0 0
54 1 0 0 9.999886 0.509546 0.914765 10.000000 0 0 0
55 0 0 1 2.260605 12.427063 161.419209 10.000000 0 1 1
56 0 0 0 -0.000000 1.539380 -0.085022 10.000000 0 0 0
57 0 0 1 2.260605 12.427063 161.419209 10.000000 0 1 1
58 0 0 0 -0.000000 1.539380 -0.085022 10.000000 0 0 0
59 0 0 0 -0.000000 1.539380 -0.085022 10.000000 0 0 0
60 0 0 0 -0.000000 1.539380 -0.085022 10.000000 0 0 0
61 0 0 1 2.260605 12.427063 161.419209 10.000000 0 1 1
62 1 0 0 9.999886 0.509546 0.914765 10.000000 0 0 0
63 1 0 0 9.999886 0.509546 0.914765 10.000000 0 0 0
64 1 0 0 9.999886 0.509546 0.914765 10.000000 0 0 0
65 0 0 0 -0.000000 1.539380 -0.085022 10.000000 0 0 0
66 0 0 1 2.260605 12.427063 161.419209 10.000000 0 1 1
67 0 0 0 -0.000000 1.539380 -0.085022 10.000000 0 0 0
68 1 0 0 9.999886 0.509546 0.914765 10.000000 0 0 0
69 0 0 1 2.260605 12.427063 161.419209 10.000000 0 1 1
70 1 0 0 9.999886 0.509546 0.914765 10.000000 0 0 0
71 1 0 0 9.999886 0.509546 0.914765 10.000000 0 0 0
72 1 0 0 9.999886 0.509546 0.914765 10.000000 0 0 0
73 0 0 0 -0.000000 1.539380 -0.085022 10.000000 0 0 0
74 0 0 0 -0.000000 1.539380 -0.085022 10.000000 0 0 0
75 0 0 1 2.260605 12.427063 161.419209 10.000000 0 1 1
76 0 0 0 -0.000000 1.539380 -0.085022 10.000000 0 0 0
77 0 0 0 -0.000000 1.539380 -0.085022 10.000000 0 0 0
78 0 0 0 -0.000000 1.539380 -0.085022 10.000000 0 0 0
79 0 0 0 -0.000000 1.539380 -0.085022 10.000000 0 0 0
80 0 0 1 2.260605 12.427063 161.419209 10.000000 0 1 1
81 0 0 1 2.260605 12.427063 161.419209 10.000000 0 1 1
82 0 0 1 2.260605 12.427063 161.419209 10.000000 0 1 1
83 0 0 0 -0.000000 1.539380 -0.085022 10.000000 0 0 0
84 1 0 0 9.999886 0.509546 0.914765 10.000000 0 0 0
85 0 0 1 2.260605 12.427063 161.419209 10.000000 0 1 1
86 1 0 0 9.999886 0.509546 0.914765 10.000000 0 0 0
87 1 0 0 9.999886 0.509546 0.914765 10.000000 0 0 0
88 0 0 0 -0.000000 1.539380 -0.085022 10.000000 0 0 0
89 0 0 1 2.260605 12.427063 161.419209 10.000000 0 1 1
90 0 0 0 -0.000000 1.539380 -0.085022 10.000000 0 0 0
91 0 0 1 2.260605 12.427063 161.419209 10.000000 0 1 1
92 1 0 0 9.999886 0.509546 0.914765 10.000000 0 0 0
93 0 0 1 2.260605 12.427063 161.419209 10.000000 0 1 1
94 0 0 0 -0.000000 1.539380 -0.085022 10.000000 0 0 0
95 1 0 0 9.999886 0.509546 0.914765 10.000000 0 0 0
96 0 0 0 -0.000000 1.539380 -0.085022 10.000000 0 0 0
97 0 0 0 -0.000000 1.539380 -0.085022 10.000000 0 0 0
98 0 0 1 2.260605 12.427063 161.419209 10.000000 0 1 1
99 1 0 0 9.999886 0.509546 0.914765 10.000000 0 0 0
100 0 0 0 -0.000000 1.539380 -0.085022 10.000000 0 0 0
