1 0 0 0 -0.000000 1.539380 -0.085022 0.500000 0 1 0
2 1 0 0 9.999886 0.509546 0.914765 0.500000 1 1 1
3 0 0 1 2.260605 12.427063 161.419209 0.500000 1 1 1
4 0 0 1 2.260605 12.427063 161.419209 0.500000 1 1 1
5 0 0 0 -0.000000 1.539380 -0.085022 0.500000 0 1 0
6 0 0 1 2.260605 12.427063 161.419209 0.500000 1 1 1
7 0 0 1 2.260605 12.427063 161.419209 0.500000 1 1 1
8 1 0 0 9.999886 0.509546 0.914765 0.500000 1 1 1
9 0 0 0 -0.000000 1.539380 -0.085022 0.500000 0 1 0
10 0 0 0 -0.000000 1.539380 -0.085022 0.500000 0 1 0
11 0 0 0 -0.000000 1.539380 -0.085022 0.500000 0 1 0
12 0 0 1 2.260605 12.427063 161.419209 0.500000 1 1 1
13 1 0 0 9.999886 0.509546 0.914765 0.500000 1 1 1
14 0 0 1 2.260605 12.427063 161.419209 0.500000 1 1 1
15 0 0 0 -0.000000 1.539380 -0.085022 0.500000 0 1 0
16 1 0 0 9.999886 0.509546 0.914765 0.500000 1 1 1
17 0 0 1 2.260605 12.427063 161.419209 0.500000 1 1 1
18 1 0 0 9.999886 0.509546 0.914765 0.500000 1 1 1
19 0 0 0 -0.000000 1.539380 -0.085022 0.500000 0 1 0
20 0 0 0 -0.000000 1.539380 -0.085022 0.500000 0 1 0
21 1 0 0 9.999886 0.509546 0.914765 0.500000 1 1 1
22 1 0 0 9.999886 0.509546 0.914765 0.500000 1 1 1
23 1 0 0 9.999886 0.509546 0.914765 0.500000 1 1 1
24 0 0 0 -0.000000 1.539380 -0.085022 0.500000 0 1 0
25 0 0 0 -0.000000 1.539380 -0.085022 0.500000 0 1 0
26 1 0 0 9.999886 0.509546 0.914765 0.500000 1 1 1
27 1 0 0 9.999886 0.509546 0.914765 0.500000 1 1 1
28 0 0 0 -0.000000 1.539380 -0.085022 0.500000 0 1 0
29 0 0 0 -0.000000 1.539380 -0.085022 0.500000 0 1 0
30 0 0 0 -0.000000 1.539380 -0.085022 0.500000 0 1 0
31 1 0 0 9.999886 0.509546 0.914765 0.500000 1 1 1
32 1 0 0 9.999886 0.509546 0.914765 0.500000 1 1 1
33 0 0 1 2.260605 12.427063 161.419209 0.500000 1 1 1
34 0 0 1 2.260605 12.427063 161.419209 0.500000 1 1 1
35 0 0 0 -0.000000 1.539380 -0.085022 0.500000 0 1 0
36 0 0 1 2.260605 12.427063 161.419209 0.500000 1 1 1
37 1 0 0 9.999886 0.509546 0.914765 0.500000 1 1 1
38 0 0 0 -0.000000 1.539380 -0.085022 0.500000 0 1 0
39 0 0 0 -0.000000 1.539380 -0.085022 0.500000 0 1 0
40 0 0 0 -0.000000 1.539380 -0.085022 0.500000 0 1 0
41 0 0 0 -0.000000 1.539380 -0.085022 0.500000 0 1 0
42 0 0 1 2.260605 12.427063 161.419209 0.500000 1 1 1
43 1 0 0 9.999886 0.509546 0.914765 0.500000 1 1 1
44 1 0 0 9.999886 0.509546 0.914765 0.500000 1 1 1
45 0 0 1 2.260605 12.427063 161.419209 0.500000 1 1 1
46 0 0 0 -0.000000 1.539380 -0.085022 0.500000 0 1 0
47 0 0 1 2.260605 12.427063 161.419209 0.500000 1 1 1
48 0 0 0 -0.000000 1.539380 -0.085022 0.500000 0 1 0
49 0 0 0 -0.000000 1.539380 -0.085022 0.500000 0 1 0
50 0 0 0 -0.000000 1.539380 -0.085022 0.500000 0 1 0
51 0 0 0 -0.000000 1.539380 -0.085022 0.500000 0 1 0
52 0 0 1 2.260605 12.427063 161.419209 0.500000 1 1 1
53 0 0 0 -0.000000 1.539380 -0.085022 0.500000 0 1 0
54 1 0 0 9.999886 0.509546 0.914765 0.500000 1 1 1
55 0 0 1 2.260605 12.427063 161.419209 0.500000 1 1 1
56 1 0 0 9.999886 0.509546 0.914765 0.500000 1 1 1
57 0 0 0 -0.000000 1.539380 -0.085022 0.500000 0 1 0
58 0 0 1 2.260605 12.427063 161.419209 0.500000 1 1 1
59 1 0 0 9.999886 0.509546 0.914765 0.500000 1 1 1
60 0 0 1 2.260605 12.427063 161.419209 0.500000 1 1 1
61 0 0 0 -0.000000 1.539380 -0.085022 0.500000 0 1 0
62 1 0 0 9.999886 0.509546 0.914765 0.500000 1 1 1
63 0 0 0 -0.000000 1.539380 -0.085022 0.500000 0 1 0
64 0 0 0 -0.000000 1.539380 -0.085022 0.500000 0 1 0
65 1 0 0 9.999886 0.509546 0.914765 0.500000 1 1 1
66 0 0 0 -0.000000 1.539380 -0.085022 0.500000 0 1 0
67 0 0 0 -0.000000 1.539380 -0.085022 0.500000 0 1 0
68 0 0 0 -0.000000 1.539380 -0.085022 0.500000 0 1 0
69 1 0 0 9.999886 0.509546 0.914765 0.500000 1 1 1
70 0 0 0 -0.000000 1.539380 -0.085022 0.500000 0 1 0
71 0 0 0 -0.000000 1.539380 -0.085022 0.500000 0 1 0
72 1 0 0 9.999886 0.509546 0.914765 0.500000 1 1 1
73 0 0 0 -0.000000 1.539380 -0.085022 0.500000 0 1 0
74 0 0 1 2.260605 12.427063 161.419209 0.500000 1 1 1
75 0 0 1 2.260605 12.427063 161.419209 0.500000 1 1 1
76 0 0 1 2.260605 12.427063 161.419209 0.500000 1 1 1
77 0 0 0 -0.000000 1.539380 -0.085022 0.500000 0 1 0
78 0 0 1 2.260605 12.427063 161.419209 0.500000 1 1 1
79 0 0 0 -0.000000 1.539380 -0.085022 0.500000 0 1 0
80 1 0 0 9.999886 0.509546 0.914765 0.500000 1 1 1
81 0 0 0 -0.000000 1.539380 -0.085022 0.500000 0 1 0
82 1 0 0 9.999886 0.509546 0.914765 0.500000 1 1 1
83 0 0 0 -0.000000 1.539380 -0.085022 0.500000 0 1 0
84 0 0 1 2.260605 12.427063 161.419209 0.500000 1 1 1
85 1 0 0 9.999886 0.509546 0.914765 0.500000 1 1 1
86 0 0 0 -0.000000 1.539380 -0.085022 0.500000 0 1 0
87 0 0 0 -0.000000 1.539380 -0.085022 0.500000 0 1 0
88 0 0 0 -0.000000 1.539380 -0.085022 0.500000 0 1 0
89 0 0 1 2.260605 12.427063 161.419209 0.500000 1 1 1
90 0 0 1 2.260605 12.427063 161.419209 0.500000 1 1 1
91 0 0 0 -0.000000 1.539380 -0.085022 0.500000 0 1 0
92 1 0 0 9.999886 0.509546 0.914765 0.500000 1 1 1
93 0 0 1 2.260605 12.427063 161.419209 0.500000 1 1 1
94 0 0 0 -0.000000 1.539380 -0.085022 0.500000 0 1 0
95 0 0 0 -0.000000 1.539380 -0.085022 0.500000 0 1 0
96 0 0 0 -0.000000 1.539380 -0.085022 0.500000 0 1 0
97 1 0 0 9.999886 0.509546 0.914765 0.500000 1 1 1
98 0 0 0 -0.000000 1.539380 -0.085022 0.500000 0 1 0
99 0 0 0 -0.000000 1.539380 -0.085022 0.500000 0 1 0
100 0 0 0 -0.000000 1.539380 -0.085022 0.500000 0 1 0
