1 1 0 0 9.999886 0.509546 0.914765 0.000005 1 1 1
2 0 0 1 2.260605 12.427063 161.419209 0.000005 1 1 1
3 0 0 1 2.260605 12.427063 161.419209 0.000005 1 1 1
4 0 0 0 -0.000000 1.539380 -0.085022 0.000005 0 1 0
5 0 0 1 2.260605 12.427063 161.419209 0.000005 1 1 1
6 0 0 0 -0.000000 1.539380 -0.085022 0.000005 0 1 0
7 0 0 1 2.260605 12.427063 161.419209 0.000005 1 1 1
8 1 0 0 9.999886 0.509546 0.914765 0.000005 1 1 1
9 1 0 0 9.999886 0.509546 0.914765 0.000005 1 1 1
10 1 0 0 9.999886 0.509546 0.914765 0.000005 1 1 1
11 1 0 0 9.999886 0.509546 0.914765 0.000005 1 1 1
12 1 0 0 9.999886 0.509546 0.914765 0.000005 1 1 1
13 0 0 0 -0.000000 1.539380 -0.085022 0.000005 0 1 0
14 0 0 0 -0.000000 1.539380 -0.085022 0.000005 0 1 0
15 0 0 0 -0.000000 1.539380 -0.085022 0.000005 0 1 0
16 0 0 0 -0.000000 1.539380 -0.085022 0.000005 0 1 0
17 0 0 0 -0.000000 1.539380 -0.085022 0.000005 0 1 0
18 0 0 0 -0.000000 1.539380 -0.085022 0.000005 0 1 0
19 0 0 0 -0.000000 1.539380 -0.085022 0.000005 0 1 0
20 0 0 1 2.260605 12.427063 161.419209 0.000005 1 1 1
21 1 0 0 9.999886 0.509546 0.914765 0.000005 1 1 1
22 0 0 0 -0.000000 1.539380 -0.085022 0.000005 0 1 0
23 0 0 0 -0.000000 1.539380 -0.085022 0.000005 0 1 0
24 1 0 0 9.999886 0.509546 0.914765 0.000005 1 1 1
25 0 0 0 -0.000000 1.539380 -0.085022 0.000005 0 1 0
26 0 0 0 -0.000000 1.539380 -0.085022 0.000005 0 1 0
27 0 0 1 2.260605 12.427063 161.419209 0.000005 1 1 1
28 1 0 0 9.999886 0.509546 0.914765 0.000005 1 1 1
29 0 0 0 -0.000000 1.539380 -0.085022 0.000005 0 1 0
30 0 0 1 2.260605 12.427063 161.419209 0.000005 1 1 1
31 0 0 1 2.260605 12.427063 161.419209 0.000005 1 1 1
32 0 0 0 -0.000000 1.539380 -0.085022 0.000005 0 1 0
33 0 0 0 -0.000000 1.539380 -0.085022 0.000005 0 1 0
34 1 0 0 9.999886 0.509546 0.914765 0.000005 1 1 1
35 0 0 0 -0.000000 1.539380 -0.085022 0.000005 0 1 0
36 0 0 0 -0.000000 1.539380 -0.085022 0.000005 0 1 0
37 0 0 0 -0.000000 1.539380 -0.085022 0.000005 0 1 0
38 0 0 1 2.260605 12.427063 161.419209 0.000005 1 1 1
39 1 0 0 9.999886 0.509546 0.914765 0.000005 1 1 1
40 0 0 0 -0.000000 1.539380 -0.085022 0.000005 0 1 0
41 0 0 0 -0.000000 1.539380 -0.085022 0.000005 0 1 0
42 0 0 1 2.260605 12.427063 161.419209 0.000005 1 1 1
43 0 0 0 -0.000000 1.539380 -0.085022 0.000005 0 1 0
44 1 0 0 9.999886 0.509546 0.914765 0.000005 1 1 1
45 0 0 0 -0.000000 1.539380 -0.085022 0.000005 0 1 0
46 0 0 0 -0.000000 1.539380 -0.085022 0.000005 0 1 0
47 0 0 0 -0.000000 1.539380 -0.085022 0.000005 0 1 0
48 0 0 0 -0.000000 1.539380 -0.085022 0.000005 0 1 0
49 0 0 0 -0.000000 1.539380 -0.085022 0.000005 0 1 0
50 0 0 0 -0.000000 1.539380 -0.085022 0.000005 0 1 0
51 1 0 0 9.999886 0.509546 0.914765 0.000005 1 1 1
52 0 0 0 -0.000000 1.539380 -0.085022 0.000005 0 1 0
53 1 0 0 9.999886 0.509546 0.914765 0.000005 1 1 1
54 0 0 1 2.260605 12.427063 161.419209 0.000005 1 1 1
55 1 0 0 9.999886 0.509546 0.914765 0.000005 1 1 1
56 1 0 0 9.999886 0.509546 0.914765 0.000005 1 1 1
57 0 0 0 -0.000000 1.539380 -0.085022 0.000005 0 1 0
58 0 0 0 -0.000000 1.539380 -0.085022 0.000005 0 1 0
59 1 0 0 9.999886 0.509546 0.914765 0.000005 1 1 1
60 0 0 1 2.260605 12.427063 161.419209 0.000005 1 1 1
61 1 0 0 9.999886 0.509546 0.914765 0.000005 1 1 1
62 0 0 0 -0.000000 1.539380 -0.085022 0.000005 0 1 0
63 0 0 0 -0.000000 1.539380 -0.085022 0.000005 0 1 0
64 0 0 1 2.260605 12.427063 161.419209 0.000005 1 1 1
65 0 0 0 -0.000000 1.539380 -0.085022 0.000005 0 1 0
66 0 0 1 2.260605 12.427063 161.419209 0.000005 1 1 1
67 0 0 1 2.260605 12.427063 161.419209 0.000005 1 1 1
68 0 0 1 2.260605 12.427063 161.419209 0.000005 1 1 1
69 0 0 1 2.260605 12.427063 161.419209 0.000005 1 1 1
70 0 0 0 -0.000000 1.539380 -0.085022 0.000005 0 1 0
71 0 0 0 -0.000000 1.539380 -0.085022 0.000005 0 1 0
72 0 0 0 -0.000000 1.539380 -0.085022 0.000005 0 1 0
73 0 0 0 -0.000000 1.539380 -0.085022 0.000005 0 1 0
74 0 0 1 2.260605 12.427063 161.419209 0.000005 1 1 1
75 1 0 0 9.999886 0.509546 0.914765 0.000005 1 1 1
76 0 0 0 -0.000000 1.539380 -0.085022 0.000005 0 1 0
77 0 0 0 -0.000000 1.539380 -0.085022 0.000005 0 1 0
78 1 0 0 9.999886 0.509546 0.914765 0.000005 1 1 1
79 0 0 0 -0.000000 1.539380 -0.085022 0.000005 0 1 0
80 0 0 0 -0.000000 1.539380 -0.085022 0.000005 0 1 0
81 1 0 0 9.999886 0.509546 0.914765 0.000005 1 1 1
82 0 0 0 -0.000000 1.539380 -0.085022 0.000005 0 1 0
83 1 0 0 9.999886 0.509546 0.914765 0.000005 1 1 1
84 0 0 0 -0.000000 1.539380 -0.085022 0.000005 0 1 0
85 0 0 0 -0.000000 1.539380 -0.085022 0.000005 0 1 0
86 0 0 1 2.260605 12.427063 161.419209 0.000005 1 1 1
87 0 0 1 2.260605 12.427063 161.419209 0.000005 1 1 1
88 0 0 1 2.260605 12.427063 161.419209 0.000005 1 1 1
89 0 0 1 2.260605 12.427063 161.419209 0.000005 1 1 1
90 0 0 0 -0.000000 1.539380 -0.085022 0.000005 0 1 0
91 0 0 0 -0.000000 1.539380 -0.085022 0.000005 0 1 0
92 1 0 0 9.999886 0.509546 0.914765 0.000005 1 1 1
93 0 0 0 -0.000000 1.539380 -0.085022 0.000005 0 1 0
94 0 0 1 2.260605 12.427063 161.419209 0.000005 1 1 1
95 1 0 0 9.999886 0.509546 0.914765 0.000005 1 1 1
96 0 0 0 -0.000000 1.539380 -0.085022 0.000005 0 1 0
97 1 0 0 9.999886 0.509546 0.914765 0.000005 1 1 1
98 0 0 0 -0.000000 1.539380 -0.085022 0.000005 0 1 0
99 1 0 0 9.999886 0.509546 0.914765 0.000005 1 1 1
100 1 0 0 9.999886 0.509546 0.914765 0.000005 1 1 1
